***************Breathing Rate************
***************** 16/3/2013****************

47973322,512,512,512,1023,511,511,511,1023,511,511,511,1023,511,511,510,1022,510,510
47974329,510,511,511,1023,511,511,511,1023,511,510,510,1022,510,510,510,1022,511,511
47975338,511,511,511,512,512,512,512,512,512,512,513,513,513,513,513,513,514,514
47976346,514,514,514,513,513,513,513,512,512,512,512,512,512,511,511,1022,510,510
47977355,510,510,510,1022,510,510,510,1022,510,510,510,1022,510,510,510,1022,510,510
47978362,510,510,510,1022,510,510,510,1022,511,511,511,512,512,512,513,513,513,513
47979371,513,513,514,1022,514,514,515,1023,515,516,516,516,517,517,517,1022,518,518
47980379,518,518,518,517,517,516,515,1023,514,513,513,512,512,512,511,1023,511,511
47981387,511,511,510,1022,510,509,509,1022,510,510,510,1022,510,510,510,1022,509,509
47982398,509,509,509,509,509,509,510,509,509,509,509,509,509,509,510,1022,510,511
47983407,511,512,512,512,513,513,513,513,514,514,515,1023,515,515,516,516,516,516
47984415,516,516,516,516,515,515,515,1023,514,513,513,512,512,512,511,1023,511,511
47985423,511,510,510,1022,510,509,509,509,509,509,509,1022,510,510,510,1022,510,511
47986431,512,513,514,1023,516,517,517,516,516,516,516,516,516,516,516,516,516,515
47987439,515,515,515,1023,514,514,514,1022,513,513,512,512,512,512,512,512,512,512
47988447,512,512,511,1023,511,511,511,1023,511,511,511,1023,511,511,511,1023,511,511
47989455,511,511,510,1022,510,510,511,1023,511,511,512,512,512,512,512,512,512,512
47990463,513,513,513,513,513,512,512,512,512,512,511,1023,511,510,509,509,508,508
47991472,507,507,508,508,509,509,510,1022,511,511,513,1023,516,519,520,1022,523,523
47992481,525,527,531,533,535,538,539,1023,538,538,537,537,536,536,536,536,536,537
47993489,538,538,540,541,543,544,545,1022,545,543,542,1022,543,545,552,557,563,575
47994496,581,591,595,1022,601,600,594,1022,584,570,563,1023,540,532,519,1022,505,502
47995505,500,498,498,1023,501,502,505,1022,509,510,511,512,512,511,511,1022,508,507
47996514,506,505,505,504,504,503,504,504,505,505,506,1023,508,509,509,1022,510,511
47997528,511,511,511,1023,511,511,511,1023,511,511,511,1023,512,512,512,512,513,513
47998537,513,514,514,1023,515,515,516,516,516,517,517,517,518,518,518,1022,519,519
47999540,519,519,519,1023,519,518,518,517,517,516,515,1022,514,513,512,512,511,511
48000553,511,510,510,509,509,509,509,509,509,509,509,509,509,509,509,509,509,509
48001561,509,509,509,509,509,509,509,509,510,510,510,1022,511,511,511,512,512,512
48002569,513,513,513,1022,514,514,514,1023,515,515,515,1023,515,515,515,1023,515,515
48003577,514,514,514,1022,513,513,513,512,512,512,512,1023,510,510,509,508,508,508
48004585,508,508,508,508,508,508,508,508,508,508,508,508,508,508,508,508,508,508
48005595,508,508,508,508,508,508,508,509,509,510,510,1023,511,511,510,1022,510,510
48006602,510,510,510,1022,510,509,509,509,509,509,509,509,509,509,509,509,509,509
48007612,509,509,509,509,509,510,510,1022,510,511,511,1023,512,512,512,512,512,511
48008618,511,511,511,1023,511,511,510,1022,510,510,510,1022,510,510,510,1022,510,510
48009627,510,510,510,1022,510,510,510,1022,510,509,509,509,509,509,509,509,509,509
48010638,509,509,509,509,509,509,509,1022,510,510,510,1022,510,510,510,1022,509,509
48011641,509,508,508,1023,506,506,506,1023,507,508,508,1023,506,505,505,1022,508,510
48012653,516,519,523,525,525,527,528,1022,531,532,533,533,533,533,532,532,533,533
48013662,533,534,534,1022,533,533,532,1023,530,527,526,525,524,524,523,1023,524,524
48014669,524,524,523,1023,521,521,523,524,525,527,527,1023,525,523,519,516,512,511
48015678,509,508,508,508,508,508,507,1022,505,504,503,1022,503,504,505,505,507,507
48016686,507,507,507,1023,507,508,509,509,509,509,508,1023,506,505,504,1023,503,503
48017693,502,502,502,1022,502,503,503,504,505,505,506,1023,507,508,508,508,507,507
48018702,507,507,507,1022,506,507,507,1023,507,508,508,508,509,510,510,1023,511,511
48019709,512,512,512,512,511,511,511,1023,510,510,510,1022,510,510,509,509,509,509
48020717,510,511,511,513,513,514,515,1023,516,516,516,516,516,516,516,1023,515,514
48021726,514,513,513,512,512,512,512,512,512,512,511,1023,511,511,511,1023,511,511
48022735,511,510,510,1022,509,509,509,509,509,509,509,509,508,508,508,508,508,508
48023742,508,508,508,508,508,508,508,508,508,508,508,508,508,508,508,508,508,508
48024751,508,508,508,508,508,508,508,509,509,509,509,509,509,509,509,509,509,509
48025759,509,509,509,509,509,509,509,1022,510,511,511,512,512,512,512,1023,511,511
48026769,512,512,512,512,513,512,512,512,512,512,511,1023,511,511,512,512,512,512
48027776,513,513,514,1023,515,515,515,1022,513,513,511,1022,508,507,507,1023,507,508
48028784,509,509,508,1023,503,502,501,1022,503,507,508,508,506,504,501,1023,499,498
48029793,499,500,501,1022,504,506,507,508,508,510,511,513,514,515,517,517,518,518
48030800,517,518,518,1023,519,520,521,521,521,520,520,1023,518,518,518,1022,518,518
48031808,517,517,517,516,515,515,514,1022,514,513,513,512,512,511,511,1023,510,510
48032820,510,510,509,509,509,509,509,509,509,509,509,509,509,510,510,1022,510,510
48033828,510,510,510,1022,509,509,509,508,508,507,507,1023,507,507,507,1023,507,507
48034836,507,507,507,1023,507,507,507,1023,507,507,507,1023,507,507,508,508,508,509
48035845,509,510,510,1023,511,512,512,513,514,514,515,516,517,518,518,1022,519,518
48036854,518,518,517,517,516,516,515,1023,514,514,514,513,513,513,513,512,512,512
48037862,512,512,512,512,511,511,511,1023,511,511,511,1023,511,511,511,1023,511,511
48038869,511,511,511,1023,511,511,510,1022,510,510,510,1022,510,510,510,1022,510,510
48039877,510,510,510,1022,510,510,510,1022,510,510,510,1022,510,510,510,1022,511,511
48040888,511,510,510,1022,510,510,510,1022,511,511,511,1023,511,511,511,1023,511,511
48041893,511,511,510,1022,510,510,510,1022,510,510,510,1022,510,510,510,1022,510,510
48042902,510,510,509,509,509,509,509,1022,511,511,513,1022,515,516,517,516,515,513
48043910,511,510,508,1023,508,508,509,1023,511,510,510,509,508,507,506,1022,506,506
48044919,506,505,505,505,504,504,505,505,505,506,506,1023,508,508,509,509,509,508
48045927,508,507,507,1022,506,506,506,1022,505,505,505,505,505,505,505,505,505,505
48046934,505,505,505,505,505,505,505,505,505,506,506,1022,506,506,506,1022,506,506
48047943,507,507,508,509,510,511,511,512,512,512,511,1023,510,509,509,509,509,509
48048951,509,509,510,1022,511,511,512,513,513,514,515,1023,515,515,515,1023,516,516
48049959,517,518,518,1023,520,520,519,1023,518,517,516,1022,513,512,511,1022,509,509
48050967,508,508,507,1023,507,507,507,1023,507,507,507,1023,507,507,507,1023,507,507
48051975,507,507,507,508,508,508,508,508,508,507,507,1023,507,507,507,1023,508,508
48052983,508,508,508,508,508,509,509,1022,510,510,511,1023,512,512,512,513,513,514
48053991,514,514,515,1023,515,514,514,1022,514,513,513,513,512,512,512,512,512,511
48055001,511,511,511,1023,510,510,510,1022,509,509,509,509,509,509,509,509,509,509
48056008,509,509,509,509,509,509,509,508,508,508,508,508,509,509,509,509,509,509
48057017,509,509,509,508,508,508,508,1023,506,505,504,1023,503,502,502,1022,502,503
48058025,504,505,505,505,506,506,506,1023,507,508,509,509,510,510,510,1022,510,510
48059032,510,510,509,509,509,509,509,508,508,508,508,508,508,508,508,508,508,508
48060042,508,508,509,509,510,510,511,1023,512,512,512,513,513,513,514,1022,514,514
48061053,514,514,514,1022,513,513,512,512,512,512,512,512,512,511,511,1023,510,510
48062056,510,510,510,1022,510,509,509,509,509,509,509,508,508,508,508,508,508,508
48063065,508,508,508,508,508,508,508,508,508,508,507,1023,507,507,507,1023,507,507
48064073,507,507,507,1023,507,507,507,508,508,508,508,508,509,509,509,509,509,509
48065081,509,509,509,509,509,510,510,1022,510,510,510,1022,510,510,510,1022,510,510
48066089,510,510,510,1022,510,510,510,1022,510,510,510,1023,511,512,512,512,514,515
48067097,516,517,518,520,520,521,520,520,518,517,516,1023,515,514,514,1022,514,513
48068105,513,513,513,513,513,513,514,1022,514,513,513,513,513,513,513,1022,514,515
48069113,515,516,516,516,516,516,516,516,516,516,516,1023,515,515,514,1022,513,513
48070121,513,513,513,513,512,512,512,512,512,512,512,512,512,512,512,512,512,512
48071131,512,512,512,512,512,512,512,512,512,512,512,512,512,512,512,512,512,512
48072142,512,512,512,512,512,511,511,1023,511,511,511,512,512,512,512,512,512,512
48073146,512,513,514,1022,515,515,516,516,516,516,516,516,515,515,515,1022,514,514
48074154,514,514,513,513,513,513,513,512,512,512,512,512,512,512,512,512,512,512
48075163,512,512,512,512,512,512,512,512,511,511,511,1023,511,511,511,1023,511,511
48076171,511,511,511,1023,511,511,511,1023,512,512,512,512,512,512,512,512,513,513
48077179,513,513,513,1022,514,514,514,1023,515,514,514,1022,513,513,512,512,511,511
48078187,510,510,510,1022,510,511,511,1023,511,510,510,1022,510,510,510,1022,510,510
48079196,510,510,510,1022,510,510,510,1022,510,510,510,1022,510,510,510,1022,510,510
48080204,510,510,511,1023,511,511,511,1023,511,510,510,1022,511,511,511,1023,511,511
48081212,511,511,511,512,512,512,513,513,513,514,514,1022,514,515,515,1023,516,516
48082221,515,515,515,1022,514,514,513,513,513,513,512,512,512,512,512,1023,511,511
48083229,511,511,511,1022,510,510,510,1022,510,510,510,1022,510,510,510,1022,510,510
48084237,510,510,510,1022,511,511,511,1023,511,510,510,1022,510,511,511,1023,511,511
48085245,511,511,511,1023,511,511,511,1023,511,511,511,1023,511,511,511,1023,511,511
48086253,511,511,511,1023,511,511,512,512,512,512,512,512,513,513,513,513,514,514
48087261,514,514,514,1023,515,514,514,1022,513,513,512,512,512,512,512,512,512,512
48088269,511,511,511,1023,511,511,511,1023,511,511,511,1023,510,510,510,1022,511,512
48089278,512,513,513,1022,514,514,514,1022,514,515,515,1023,516,516,516,516,517,517
48090286,518,518,519,1023,519,519,519,1023,519,519,519,520,520,519,519,1023,518,518
48091294,517,517,516,516,515,515,514,1022,513,512,512,1023,510,510,510,509,510,510
48092304,510,510,510,509,509,508,508,509,510,510,512,512,513,513,513,512,512,512
48093313,511,511,511,1023,511,511,511,1022,510,510,509,508,508,508,507,508,508,509
48094321,510,510,512,512,513,513,513,1022,514,514,515,1023,516,516,516,516,516,516
48095329,516,516,516,516,516,516,516,516,515,514,514,513,513,513,512,512,512,512
48096338,511,511,510,1022,510,509,509,509,509,509,509,509,509,509,509,509,508,508
48097346,508,509,509,509,510,511,512,512,513,514,514,1022,514,514,513,513,513,514
48098354,513,513,513,513,513,514,514,1022,515,515,516,516,516,516,516,517,517,517
48099362,517,516,516,1023,515,514,514,513,513,513,513,513,513,513,512,512,512,512
48100371,512,512,512,512,512,512,512,512,512,512,512,512,512,512,512,512,512,512
48101382,512,512,512,512,512,512,512,512,512,512,512,512,512,512,512,512,512,512
48102391,512,512,512,512,512,512,513,1022,515,516,518,1023,520,522,523,524,524,524
48103396,523,522,521,521,521,521,522,1023,524,524,524,524,522,522,521,520,519,519
48104409,520,520,521,521,522,522,522,1022,522,521,520,1023,518,517,515,1022,514,513
48105418,513,512,512,512,512,512,512,1023,511,511,511,1023,511,511,511,1023,511,511
48106425,511,511,511,1023,511,512,512,512,513,513,513,513,512,512,512,512,511,511
48107431,511,511,511,1023,511,511,511,1023,511,511,511,1023,511,511,511,1023,511,511
48108444,511,511,511,1023,511,511,511,1023,511,511,511,1023,511,511,511,1023,511,511
48109451,511,511,511,1023,512,512,512,512,512,512,513,513,513,513,513,513,513,513
48110460,513,512,512,512,512,511,511,1023,511,511,511,1023,511,511,511,1023,511,511
48111469,510,510,510,1022,510,510,510,1022,510,510,510,1022,510,510,510,1022,510,510
48112475,511,511,511,512,512,513,513,513,515,515,517,1022,518,519,519,1022,517,517
48113483,515,515,514,513,513,512,512,1023,510,510,510,509,509,509,509,508,508,508
48114493,508,508,508,508,508,508,508,508,508,508,508,508,508,508,508,508,508,508
48115501,508,508,508,508,508,508,508,508,508,508,508,508,508,508,509,509,509,509
48116508,509,509,509,509,509,509,509,509,509,509,509,509,509,509,509,1022,510,510
48117517,510,510,510,1022,510,511,511,1023,512,512,512,512,512,512,512,512,512,512
48118526,511,511,511,1023,511,511,511,1023,510,510,510,1022,510,510,510,1023,511,512
48119534,512,512,513,513,514,515,516,517,517,519,519,1023,519,519,519,1023,518,518
48120542,517,516,516,516,515,515,514,1022,513,513,513,512,512,512,512,512,511,511
48121550,511,511,511,1022,510,510,510,1022,510,509,509,509,509,509,509,1022,511,511
48122557,513,514,515,1022,519,521,522,1022,522,522,520,1023,519,519,520,1023,524,525
48123567,527,527,528,528,528,529,529,529,529,529,528,1023,525,524,523,521,521,520
48124576,520,520,519,1023,518,518,518,517,517,516,515,1023,513,512,512,1023,511,512
48125584,512,514,515,1023,517,517,518,1022,517,516,515,513,512,511,509,508,506,505
48126592,504,503,503,1023,503,504,504,504,505,506,506,1022,506,507,507,1023,507,507
48127600,506,506,506,1022,506,506,506,1023,507,507,507,508,508,508,508,509,509,509
48128609,509,509,509,1022,510,510,510,1022,510,510,510,1022,510,510,510,1022,510,510
48129616,510,510,511,1023,511,511,511,1023,511,511,511,1023,511,511,511,1023,511,511
48130625,511,511,511,1023,511,511,511,1023,511,511,511,1023,511,511,511,1023,511,511
48131633,511,511,511,1023,511,511,512,512,512,512,512,512,512,512,512,512,512,512
48132637,512,512,512,512,512,512,512,512,512,512,512,512,512,512,512,512,512,512
48133649,512,512,512,512,512,512,512,512,512,512,512,512,512,512,512,512,512,512
48134657,512,512,513,513,513,513,513,513,513,512,512,512,511,511,511,1023,511,511
48135665,511,511,511,1023,511,511,511,1022,510,510,511,1023,511,511,511,1023,511,511
48136673,511,511,511,1023,511,511,511,1023,511,511,511,1023,511,511,511,1023,511,511
48137681,511,511,511,1023,511,511,511,1023,511,511,511,512,512,512,513,513,513,514
48138689,514,514,514,1022,514,513,513,512,512,512,512,1023,511,511,511,1023,511,511
48139697,511,511,511,1023,511,511,511,1023,511,511,511,1023,511,511,511,1023,511,511
48140707,511,511,511,1023,511,511,511,1023,511,511,511,1023,511,511,511,1023,511,511
48141714,511,511,511,1023,511,511,511,1023,511,511,511,1023,511,511,511,1023,511,511
48142724,511,511,511,512,512,512,512,512,513,513,514,1022,514,514,514,1023,514,514
48143732,514,513,512,512,512,512,511,1023,511,511,511,1023,511,511,511,1023,511,511
48144740,511,511,511,1023,510,510,511,1023,511,511,511,1023,511,511,511,1023,511,511
48145748,511,511,511,1023,511,511,511,1023,511,511,511,1023,511,511,511,1023,511,511
48146760,511,511,511,1023,511,511,511,1023,511,511,511,1023,511,511,511,1023,511,511
48147769,511,511,511,1023,511,512,512,512,512,512,513,513,513,513,513,513,513,513
48148777,513,512,512,512,512,511,511,1023,511,511,511,1023,511,511,511,1023,511,511
48149785,511,511,511,1022,510,510,510,1023,511,511,511,1023,511,511,511,1023,512,512
48150793,512,512,513,513,513,514,514,1022,514,514,513,513,513,512,512,512,512,512
48151802,511,511,511,1023,511,511,511,1023,511,511,511,1023,511,511,511,1023,511,511
48152811,511,511,511,1023,511,511,511,1023,511,511,511,1023,511,512,512,512,513,513
48153819,514,514,514,1023,515,515,515,1023,515,514,514,1022,513,513,513,512,512,512
48154827,512,511,511,1023,511,511,511,1023,511,511,511,1023,511,511,511,1023,511,511
48155834,511,511,511,1023,511,510,510,1022,510,510,511,1023,511,511,511,1023,511,511
48156843,511,511,511,1023,511,511,512,512,512,512,512,513,513,514,514,1022,515,515
48157851,515,515,516,516,516,515,515,1023,514,514,513,513,512,512,512,512,511,511
48158859,511,511,511,1023,511,510,510,1022,510,510,510,1022,510,511,511,1023,511,511
48159867,511,511,511,1023,511,512,512,512,513,513,513,513,514,514,514,1022,514,514
48160874,514,513,513,513,512,512,511,1023,511,511,511,1023,511,510,510,1022,510,510
48161887,510,510,510,1022,510,510,510,1022,510,510,510,1022,510,510,510,1022,510,510
48162890,510,510,510,1022,510,511,511,1023,512,512,512,512,513,513,513,1022,514,514
48163901,513,513,512,1023,510,509,509,509,509,509,509,509,509,508,508,1023,507,507
48164908,507,507,508,508,508,508,508,508,507,507,507,1023,507,507,507,1023,507,508
48165917,508,509,509,1022,511,511,512,512,512,511,511,1022,510,510,509,509,509,508
48166925,508,508,508,508,508,508,508,509,509,509,509,509,509,509,509,509,509,509
48167933,509,509,509,509,509,509,509,1022,510,510,511,1023,511,511,512,512,512,512
48168941,512,512,513,513,513,513,513,513,512,512,512,1023,511,511,511,1023,510,510
48169949,510,510,510,1022,510,510,510,1022,510,510,510,1022,510,510,510,1022,510,510
48170958,510,510,510,1022,510,510,511,1023,511,512,512,512,512,512,513,513,513,513
48171966,513,513,513,513,513,513,512,512,512,512,512,512,511,511,511,1023,511,511
48172974,511,511,510,1022,510,510,510,1022,510,510,510,1022,510,510,510,1022,510,510
48173982,510,510,510,1022,510,510,510,1022,510,510,510,1022,510,510,510,1023,511,511
48174990,511,511,511,1023,511,511,512,512,512,512,512,513,513,513,513,513,513,512
48175999,512,512,512,512,511,511,511,1023,511,511,511,1023,511,511,511,1023,511,511
48177007,511,511,511,1023,511,511,511,1023,511,511,511,1023,511,511,511,1023,511,511
48178015,511,511,511,1023,511,511,511,1023,512,512,514,1023,516,517,518,1022,519,519
48179025,518,518,517,516,516,514,513,1023,511,510,509,509,510,510,510,1022,510,510
48180031,510,510,509,509,509,509,509,509,509,509,509,509,509,509,510,1022,510,510
48181041,511,511,512,512,512,512,512,512,513,513,513,513,513,512,512,512,512,512
48182045,512,511,511,1023,511,511,511,1022,510,510,509,509,509,509,510,1022,510,510
48183053,510,510,510,1022,510,510,510,1022,510,510,510,1022,510,510,510,1022,510,510
48184063,510,510,510,1022,510,510,510,1023,511,511,511,1023,512,512,512,512,512,512
48185071,512,512,513,513,513,513,513,512,512,512,512,512,511,511,511,1023,510,510
48186079,510,510,510,1022,510,510,510,1022,510,510,510,1022,510,510,510,1022,510,510
48187088,510,511,511,1023,511,511,511,512,512,512,512,513,513,513,513,513,513,513
48188095,514,514,514,1022,514,514,513,513,513,512,512,512,512,512,512,512,512,512
48189103,512,512,512,512,512,512,512,1023,511,511,511,1023,511,511,511,1023,511,511
48190112,511,510,510,1022,510,510,510,1023,511,512,512,513,513,513,514,1022,513,513
48191119,513,513,513,512,512,512,511,1023,510,510,509,509,508,508,508,508,509,509
48192129,509,510,510,1022,509,509,509,509,509,508,508,508,508,509,509,509,509,509
48193131,510,510,510,1022,511,511,512,512,512,512,513,513,513,514,514,513,513,513
48194141,512,512,512,512,512,512,512,1023,511,511,511,1023,511,511,511,1023,511,511
48195151,511,510,510,1022,510,510,510,1022,510,510,510,1022,510,511,511,1023,511,512
48196159,512,512,512,512,512,512,513,513,513,514,514,513,513,513,513,512,512,512
48197167,512,512,512,512,512,512,512,1023,511,511,511,1023,510,510,509,508,506,505
48198175,504,504,504,504,504,505,505,505,505,505,505,505,505,506,506,1023,507,508
48199183,509,510,512,512,513,515,515,516,516,516,516,1023,515,514,514,513,513,512
48200191,512,512,512,512,511,511,511,1023,511,512,512,512,512,512,512,512,512,512
48201199,512,512,512,512,512,512,512,512,512,513,513,513,514,514,514,1022,515,515
48202207,515,515,515,516,516,516,515,1023,514,514,514,513,513,513,513,513,513,513
48203215,514,515,515,516,517,517,518,1022,519,519,520,521,521,521,521,520,520,519
48204223,519,519,519,1023,519,519,519,1022,517,517,516,516,515,515,514,1022,514,513
48205231,513,513,512,512,512,512,512,512,512,512,512,512,512,512,513,1022,514,514
48206239,514,514,514,1022,514,514,514,1023,515,515,515,1022,514,514,514,1022,514,513
48207247,513,513,513,512,512,512,512,512,511,511,511,1023,511,511,511,1023,511,511
48208255,511,511,511,1023,512,512,512,512,513,513,513,513,513,514,514,1022,515,515
48209264,515,514,513,513,512,512,512,512,512,513,513,512,512,512,512,1023,511,511
48210273,511,511,511,1022,510,510,510,1023,511,511,511,1023,511,510,510,1023,512,515
48211280,517,519,520,1023,518,516,514,513,512,511,511,1022,510,510,510,1022,510,510
48212288,510,511,511,1023,511,511,512,512,513,513,513,1022,514,515,515,1023,515,515
48213297,515,515,515,1023,515,515,514,1022,513,513,513,513,512,512,512,512,511,511
48214304,509,509,508,508,508,509,509,1022,510,510,510,1022,509,509,509,1022,510,510
48215312,511,511,511,1023,511,512,512,512,512,512,512,512,512,512,512,512,512,512
48216321,512,511,511,1023,510,510,509,509,509,509,509,509,509,510,510,1022,510,510
48217329,510,510,510,1022,510,510,510,1022,511,511,511,512,512,512,512,512,512,512
48218341,512,512,512,512,512,512,511,1023,511,511,511,1023,511,510,510,1022,510,510
48219350,510,510,510,1022,510,510,510,1022,510,510,510,1022,510,510,510,1022,510,510
48220360,510,510,510,1022,510,510,510,1022,510,510,510,1022,510,510,510,1022,510,510
48221368,510,510,510,1023,511,511,511,512,512,512,512,513,513,513,513,513,513,513
48222375,513,513,512,512,512,512,511,1023,511,511,511,1023,511,511,511,1022,510,510
48223383,511,511,511,1023,511,512,512,512,513,513,514,1022,514,514,515,1022,514,514
48224392,513,513,512,512,512,512,512,512,512,511,511,1023,512,513,515,1022,520,524
48225401,525,527,528,529,528,526,524,520,518,515,514,1022,513,513,512,1023,510,508
48226408,508,508,508,509,511,512,515,516,517,518,517,1022,512,510,506,504,504,505
48227416,507,513,517,1023,532,536,544,1023,550,550,549,545,542,534,530,525,516,512
48228424,506,503,501,1023,498,499,500,501,504,505,508,1022,511,513,513,1022,514,514
48229432,513,513,512,512,511,511,510,1022,510,510,511,1023,512,512,513,1022,514,516
48230440,516,517,517,1022,518,518,518,1022,518,517,517,517,516,515,515,1022,514,514
48231448,513,513,513,513,513,513,514,1022,514,515,515,1023,516,516,517,517,517,518
48232456,518,518,518,1022,518,518,518,1022,517,516,515,513,511,508,507,505,502,500
48233464,497,496,496,1023,495,497,498,1023,502,503,506,1023,509,511,511,512,512,512
48234472,512,512,511,1022,509,508,508,1023,507,507,508,508,508,509,509,1022,510,511
48235480,511,512,512,512,513,513,513,1022,514,515,515,1023,515,515,515,1023,515,514
48236489,514,512,512,1023,510,509,508,508,507,507,507,1023,507,507,507,508,509,509
48237497,510,511,512,512,513,513,514,1022,514,514,514,1022,513,513,512,512,511,511
48238507,510,510,509,509,509,509,509,509,509,509,509,509,510,510,510,1022,510,510
48239516,510,510,510,1022,510,510,510,1022,510,510,510,1022,510,510,510,1022,510,510
48240524,510,510,510,1022,511,511,511,1023,511,510,510,1022,510,510,510,1022,510,511
48241532,511,511,511,1023,510,510,510,1022,510,510,510,1023,511,511,511,1023,511,511
48242540,511,511,512,512,512,512,512,513,513,514,514,1022,515,516,517,1022,520,522
48243548,525,527,529,1023,532,532,532,532,531,531,530,529,528,525,524,520,519,518
48244556,517,517,517,517,516,515,515,1022,513,513,512,512,512,512,511,1023,511,510
48245564,510,510,510,1022,510,510,510,1022,510,509,509,509,509,509,509,509,509,509
48246572,509,509,509,509,509,509,509,509,509,509,509,509,509,509,509,509,509,509
48247580,509,509,509,509,509,509,509,509,509,509,509,1022,510,511,511,1023,512,512
48248589,512,512,513,513,514,514,514,1023,515,515,514,1022,513,513,512,512,511,511
48249600,510,509,509,509,508,508,508,509,509,509,508,508,508,508,508,509,509,509
48250607,509,509,509,509,509,508,508,508,508,509,509,509,509,509,509,508,508,507
48251616,507,508,508,508,508,508,507,1023,507,507,507,508,508,508,508,1023,506,506
48252620,506,506,506,1022,507,507,509,1022,511,512,512,512,512,512,512,512,512,512
48253631,513,513,513,513,513,513,513,512,512,512,511,1023,512,513,513,1022,515,515
48254639,514,513,511,1022,509,506,505,1023,503,503,504,1022,509,511,512,1022,514,514
48255644,514,513,512,512,512,512,512,1023,511,511,511,1023,511,511,512,512,512,514
48256656,514,516,518,1023,520,521,521,520,520,518,517,1023,514,513,512,512,512,512
48257663,512,513,513,1022,514,514,515,1022,514,513,513,512,512,512,513,513,514,514
48258672,514,514,514,1022,514,514,515,1022,514,513,512,512,513,513,513,512,512,511
48259679,510,509,510,1022,511,512,512,512,512,511,511,1023,511,511,511,512,512,512
48260688,512,512,511,1023,511,511,511,1023,511,512,511,1023,511,511,510,1022,510,510
48261696,510,510,510,1023,511,511,511,1023,511,511,512,512,513,513,514,1022,514,514
48262704,514,513,513,512,512,512,512,512,512,512,511,1022,510,510,510,1022,510,511
48263714,511,512,512,512,512,513,513,513,514,514,514,1022,515,515,515,1023,515,515
48264723,514,514,514,513,513,512,512,1023,511,511,511,1023,511,511,511,512,512,512
48265731,512,511,511,1023,511,511,511,1023,511,511,511,1023,511,511,511,1023,511,511
48266737,511,511,511,1023,511,511,511,1023,511,511,511,1023,511,512,512,512,512,513
48267746,513,513,513,1022,514,514,515,1023,516,516,516,516,516,516,516,1023,515,515
48268754,514,513,513,512,512,512,512,512,511,511,511,1023,511,511,511,1023,511,511
48269763,511,511,511,1023,511,511,511,1023,511,511,511,1023,511,511,511,1023,511,511
48270771,511,511,511,1023,511,511,511,1023,511,511,511,1023,511,511,511,1023,511,511
48271779,511,512,512,512,512,513,513,513,513,514,514,1022,514,515,515,1023,515,515
48272787,515,514,514,1022,514,514,514,1022,514,514,514,1022,513,511,510,1022,510,510
48273795,511,511,511,1023,510,510,510,1022,511,511,512,512,513,514,514,1022,514,514
48274803,515,515,515,1023,514,514,513,513,512,512,512,512,511,511,511,1023,511,511
48275811,511,511,510,1022,510,510,510,1022,510,510,510,1022,510,510,510,1022,510,510
48276820,510,510,510,1022,510,510,510,1022,510,510,510,1022,510,510,510,1022,510,510
48277828,510,509,508,1023,506,506,507,508,510,511,511,512,512,511,511,1023,511,511
48278836,512,512,512,513,513,513,514,1022,514,513,513,513,513,512,512,1023,511,511
48279843,511,511,511,1023,511,510,510,1022,510,510,509,509,508,508,507,1023,508,509
48280852,510,511,512,512,512,512,511,1023,510,511,511,1023,511,511,511,1023,511,511
48281861,511,511,511,512,512,512,513,513,513,513,513,1022,514,514,514,1022,513,513
48282868,513,512,512,512,512,511,511,1023,511,511,511,1023,511,511,511,1023,511,511
48283879,511,511,511,1023,510,510,510,1022,510,510,510,1022,510,510,510,1022,511,511
48284885,511,511,512,512,512,512,512,513,513,513,514,1022,513,513,513,512,512,512
48285897,512,512,512,512,511,511,511,1023,512,512,512,512,512,512,511,1023,511,511
48286901,511,511,511,1023,511,511,511,1023,511,511,511,1023,511,511,511,1023,511,511
48287910,511,511,511,1023,511,511,511,1023,511,511,511,1023,511,512,513,513,513,513
48288917,512,511,511,512,512,513,514,1022,514,515,515,1023,515,515,515,1023,514,514
48289926,513,513,513,513,513,513,513,513,512,512,512,1023,511,510,510,1022,510,510
48290934,511,511,511,1023,511,511,511,1023,511,511,511,1023,511,511,512,512,513,513
48291942,513,513,513,512,511,511,510,1022,510,511,511,1023,511,511,511,512,512,512
48292951,513,513,514,1022,514,514,514,1022,513,513,513,512,512,512,512,1023,511,511
48293959,511,511,511,1023,511,511,511,1023,510,510,510,1022,510,510,510,1022,510,510
48294968,510,510,510,1022,511,510,510,1022,510,510,510,1022,510,510,510,1022,510,511
48295976,511,511,511,1023,511,511,511,1023,511,511,511,1023,511,511,511,512,512,512
48296985,512,512,512,512,512,512,512,512,512,513,513,513,513,513,512,512,512,512
48297994,512,512,512,1023,511,511,511,1023,511,511,511,1023,511,511,511,1023,511,511
48299005,511,511,511,1023,511,511,511,1023,511,511,511,1023,511,511,511,1023,511,511
48300013,511,511,511,1023,511,511,511,1023,511,511,511,1023,511,511,511,1023,511,511
48301021,512,512,512,512,512,512,512,512,513,513,514,1022,514,514,515,1023,515,516
48302029,516,516,515,1023,513,513,512,512,511,511,511,1023,511,511,511,1023,511,511
48303040,511,510,510,1022,510,510,509,509,509,509,509,1022,510,511,512,512,512,512
48304046,511,511,511,1023,511,511,511,1023,512,512,512,512,512,512,512,512,512,512
48305056,512,512,512,512,512,512,512,1023,511,511,511,1023,511,511,511,1023,511,511
48306065,511,511,511,1023,511,511,511,1023,511,511,511,1023,511,511,511,1023,511,511
48307073,511,511,511,1023,511,511,511,1023,511,511,511,512,512,512,512,512,513,513
48308082,513,513,514,1022,514,515,515,1023,515,515,515,1022,514,513,513,512,512,512
48309090,511,511,511,1023,511,511,511,1023,511,511,510,1022,510,510,510,1023,511,511
48310098,511,511,511,1023,511,510,510,1023,511,511,511,1023,511,511,511,1023,511,511
48311107,512,512,512,512,512,512,512,513,513,513,513,513,513,513,513,513,513,512
48312114,512,512,512,512,512,512,512,512,512,512,512,1023,511,510,510,1022,510,510
48313124,509,508,507,1022,505,504,504,505,506,507,508,509,509,510,510,1022,511,511
48314131,512,512,512,512,513,513,513,513,513,513,512,512,512,512,512,512,511,511
48315140,511,511,511,1023,510,510,510,1022,510,510,510,1022,510,510,510,1022,510,510
48316148,510,510,510,1022,511,511,511,1023,511,511,511,1023,511,511,511,1023,511,510
48317156,510,510,510,1022,510,510,510,1022,511,511,511,1023,511,511,511,1023,511,512
48318164,512,512,512,512,513,513,513,512,512,512,512,512,512,512,512,512,512,512
48319172,511,511,511,1023,511,510,510,1022,510,510,510,1022,510,510,510,1022,510,510
48320180,510,510,511,1023,512,512,513,1022,515,515,516,517,517,517,517,517,517,517
48321188,517,517,517,517,517,517,517,517,517,517,518,1022,518,518,519,1023,520,521
48322196,521,521,522,1022,521,521,520,520,519,519,518,517,517,516,515,1023,514,514
48323204,514,513,513,512,512,512,512,512,512,512,512,512,512,511,511,1023,511,511
48324212,511,511,511,1022,510,510,510,1022,510,510,510,1022,510,510,510,1022,510,510
48325220,509,509,509,509,509,509,509,1022,510,510,511,1023,511,511,511,1023,511,511
48326229,511,511,512,512,513,513,513,1022,514,515,515,516,516,516,515,1023,515,514
48327239,513,513,513,513,513,513,512,512,512,512,512,1023,511,511,511,1023,511,511
48328247,511,511,511,1023,511,511,510,1022,510,510,509,509,509,509,509,509,509,509
48329260,509,509,509,1023,511,512,512,1023,510,509,509,509,509,510,511,512,512,513
48330265,513,513,512,512,512,512,512,513,513,513,513,513,512,512,512,1023,511,511
48331277,511,511,511,1023,511,511,511,1022,510,510,510,1022,510,510,510,1022,510,510
48332286,510,510,510,1022,511,511,511,1023,510,510,510,1023,511,511,511,512,512,512
48333294,513,513,513,1022,514,514,513,513,512,512,512,512,512,512,512,1023,511,511
48334302,511,511,511,1023,511,511,511,1023,511,511,511,1023,511,511,511,1023,511,511
48335310,511,511,511,1023,511,510,510,1022,510,510,511,1023,511,511,511,512,512,512
48336318,512,512,513,513,513,514,514,1022,514,514,514,513,513,512,512,512,512,512
48337326,512,511,511,1023,511,511,511,1023,511,511,511,1023,511,511,511,512,512,512
48338335,512,513,512,512,512,511,511,1023,512,512,512,513,514,514,514,1022,513,513
48339344,512,512,512,512,513,513,513,513,514,514,514,1022,513,513,513,512,512,512
48340351,512,512,511,1023,511,511,511,1023,511,510,510,1022,510,511,511,1023,511,511
48341361,511,511,510,1022,510,510,510,1023,511,511,511,1023,511,511,511,1023,511,510
48342367,510,510,511,1023,511,511,511,1023,511,511,511,1023,511,511,511,1023,512,512
48343380,512,512,512,512,512,512,513,513,513,513,514,1022,514,514,514,1022,514,514
48344386,513,513,513,512,512,511,510,509,506,505,503,1023,503,503,504,505,506,506
48345389,507,508,509,509,509,510,511,512,512,513,513,513,514,514,514,1023,515,516
48346403,517,517,517,517,517,516,516,1023,515,515,514,1022,514,514,514,1022,513,513
48347411,513,512,512,512,511,511,512,512,513,514,515,516,517,517,517,517,517,517
48348417,517,516,516,516,517,517,519,1023,520,521,520,520,520,519,519,1023,519,519
48349428,519,519,519,520,519,519,518,517,516,515,515,1022,514,515,515,1022,514,513
48350434,512,512,511,1023,511,510,510,1022,510,510,510,1022,510,510,509,509,509,508
48351442,508,508,509,509,509,510,510,1022,510,511,511,1023,511,511,511,1023,510,509
48352452,509,509,510,1022,510,510,510,509,509,509,509,509,508,508,508,508,508,509
48353461,509,510,510,1022,510,510,510,1023,511,511,511,512,512,512,512,512,512,512
48354472,513,514,514,1023,515,515,515,1023,516,516,517,517,518,518,518,1022,518,517
48355479,517,517,517,517,518,518,519,1023,519,519,519,1023,519,519,518,517,517,516
48356488,515,515,514,1022,514,514,514,1022,514,512,511,1022,509,509,510,1022,511,511
48357495,511,510,509,509,509,509,510,1022,511,512,512,1023,511,511,510,1022,509,508
48358504,508,507,507,1023,508,508,509,509,509,509,508,508,508,508,508,508,509,509
48359512,509,509,509,508,508,508,508,508,508,508,509,509,509,508,508,508,508,509
48360520,509,509,509,509,508,508,508,508,508,508,508,508,509,509,509,509,509,509
48361527,509,509,509,509,509,509,509,509,509,509,509,509,509,509,509,509,509,510
48362536,510,510,511,1023,511,511,512,512,512,512,512,512,512,512,511,1023,510,510
48363543,510,510,510,1022,510,510,510,1022,510,510,510,1022,510,510,510,1022,510,510
48364552,511,511,511,1023,511,511,511,1023,511,511,511,1023,510,510,510,1023,511,511
48365559,512,512,512,513,513,513,513,513,512,512,511,1023,511,511,511,1023,511,511
48366568,511,511,511,1023,512,512,512,512,512,511,510,1022,510,511,511,1023,512,512
48367575,512,512,512,513,513,513,512,512,512,512,512,1023,511,511,511,1023,512,512
48368584,512,513,513,513,513,513,513,513,512,512,512,512,512,511,511,1023,511,511
48369594,511,511,511,1023,511,512,512,512,512,512,512,512,512,512,512,512,511,511
48370603,511,511,511,1023,511,511,511,512,512,512,512,512,512,512,512,1023,511,511
48371612,511,512,512,512,513,513,514,1022,515,515,515,1023,514,514,513,513,513,512
48372617,512,511,511,1023,511,511,511,1023,511,511,511,1023,511,511,511,1023,511,511
48373628,511,511,511,1023,511,511,511,1023,511,511,511,1023,511,512,513,1022,515,516
48374637,516,516,516,516,515,515,515,1022,513,513,512,512,512,511,511,1023,511,511
48375644,510,510,510,1022,510,510,511,1023,511,511,511,1022,510,510,510,1022,510,511
48376652,511,511,511,1023,511,511,512,513,514,516,516,516,516,516,515,1022,514,514
48377659,514,514,515,1023,514,514,514,513,513,513,513,512,512,512,511,1023,511,511
48378667,511,511,511,1023,511,511,511,1023,510,510,510,1022,510,510,510,1022,510,510
48379676,510,510,511,1023,511,511,512,512,512,512,512,512,512,513,514,1023,515,515
48380684,514,513,511,1022,510,510,510,1023,511,511,510,509,509,509,509,509,509,510
48381692,510,510,510,1023,511,511,512,512,512,512,511,1023,511,511,510,1022,510,510
48382700,510,510,510,1022,510,510,510,1022,510,510,510,1022,510,510,510,1022,510,510
48383707,510,511,511,1023,511,511,511,1023,511,512,512,512,512,513,513,513,513,513
48384716,512,512,512,512,512,512,512,512,511,511,511,1023,511,512,512,512,512,512
48385723,512,512,511,1023,511,511,511,1023,511,511,511,1023,512,512,512,512,512,511
48386732,511,511,512,512,513,514,514,1022,513,512,512,512,513,513,514,1022,514,514
48387740,514,514,514,513,513,512,512,1023,511,510,510,1022,510,510,510,1022,510,510
48388748,510,510,510,1022,510,510,511,1023,511,510,510,1022,510,510,510,1022,510,510
48389755,510,510,511,1023,511,511,512,512,512,512,512,513,513,513,513,513,513,513
48390764,513,512,512,512,512,512,512,512,512,512,511,1023,511,511,511,512,512,511
48391772,511,511,511,1022,510,510,511,1023,511,511,511,1023,511,511,511,1023,511,512
48392780,512,512,513,513,514,515,517,517,518,518,518,517,516,516,514,513,513,512
48393789,512,512,512,1023,511,511,511,1023,512,512,512,512,512,512,511,1023,511,511
48394796,511,511,511,1023,511,511,511,1023,510,510,510,1022,510,510,510,1022,510,510
48395805,511,511,511,1023,511,511,511,1023,511,512,512,513,513,514,514,1022,514,514
48396813,514,513,513,512,512,512,512,1023,511,511,511,1023,511,511,511,1023,511,511
48397821,511,511,511,1023,511,511,511,1023,511,511,511,1023,511,511,511,1023,511,511
48398829,511,511,511,1023,511,511,511,1023,511,511,511,1023,511,511,511,1023,512,512
48399841,512,512,512,512,512,512,513,513,513,513,514,1022,514,514,514,1022,514,514
48400846,513,513,513,513,512,512,512,512,512,512,512,512,511,511,511,1023,511,511
48401853,511,511,511,1023,511,511,511,1023,511,510,510,1022,511,511,511,1023,511,511
48402861,511,511,511,1023,511,511,512,512,512,512,512,512,513,513,514,1023,516,516
48403870,516,516,515,1022,513,512,512,512,511,511,511,1023,511,511,510,1022,510,511
48404878,511,510,510,1022,510,510,510,1022,510,510,511,1023,511,511,511,1023,511,511
48405889,511,511,511,1022,510,510,510,1023,511,511,511,1023,511,512,512,512,512,513
48406897,513,513,513,1022,514,514,514,1023,515,515,514,1022,514,514,513,513,513,512
48407903,512,512,512,512,512,511,511,1023,511,511,511,1022,510,510,510,1022,510,510
48408911,510,510,510,1022,510,510,511,1023,510,510,510,1022,510,511,511,1023,511,511
48409920,512,512,512,512,512,513,513,513,513,513,514,1022,514,514,514,1022,514,513
48410928,513,512,512,512,511,511,511,1023,511,511,511,1023,511,511,510,1022,510,510
48411936,510,510,511,1023,511,511,510,1022,510,510,510,1022,510,510,510,1022,510,511
48412944,511,511,511,1023,512,512,512,512,512,513,513,513,513,514,514,1022,515,515
48413952,515,514,514,1022,513,513,513,513,512,512,512,512,512,513,514,1022,515,515
48414960,515,514,514,1022,513,513,513,513,513,513,513,513,512,512,512,512,512,512
48415968,513,512,512,512,512,511,511,1022,510,511,511,1023,511,511,511,512,512,512
48416976,512,512,512,512,512,512,512,1023,511,511,511,1023,511,511,511,1022,510,510
48417984,510,510,510,1022,510,510,510,1022,510,510,510,1022,510,510,510,1022,510,510
48418993,510,510,510,1022,510,510,510,1022,510,510,511,1023,512,512,513,513,513,514
48420002,514,515,515,1023,515,515,515,1023,514,514,513,513,512,512,512,1023,511,511
48421009,511,511,511,1023,511,511,511,1023,510,510,510,1022,510,510,510,1022,510,510
48422017,510,510,510,1022,510,510,510,1023,511,511,511,1023,511,512,512,512,512,513
48423027,513,513,513,513,513,513,512,512,512,512,512,512,512,512,512,512,511,511
48424035,511,511,511,1023,511,511,511,1023,512,512,513,513,514,514,514,1022,513,513
48425046,512,512,512,1023,511,511,511,1023,511,510,510,1022,510,510,510,1022,510,510
48426056,510,510,511,1023,511,511,511,1023,510,510,511,1023,511,511,511,1023,511,511
48427062,511,511,511,1023,511,511,511,512,512,512,512,512,513,513,513,513,513,513
48428069,513,513,513,513,513,512,512,512,512,511,511,1023,511,511,511,512,512,512
48429078,513,513,513,513,513,513,512,512,512,512,512,512,513,513,513,513,513,513
48430086,513,513,513,512,512,513,513,513,513,513,513,513,513,513,513,513,513,513
48431096,512,512,512,512,511,511,511,1023,511,511,511,1023,511,511,511,1023,511,511
48432104,511,511,510,1022,510,510,510,1022,510,510,511,1023,511,511,511,1023,512,512
48433113,512,512,512,512,512,512,512,513,513,513,513,513,513,513,513,513,513,513
48434123,512,512,512,1023,511,511,511,1023,511,511,511,1023,511,511,511,1023,511,511
48435132,511,511,511,1023,511,510,510,1022,510,510,511,1023,511,511,511,1022,510,510
48436144,510,511,511,1023,511,512,512,512,513,513,513,1022,514,514,514,1022,514,513
48437150,513,513,512,512,512,512,512,512,511,511,511,1023,511,511,511,1023,511,511
48438158,511,511,511,1023,511,511,511,1023,510,510,510,1023,511,511,511,1023,511,511
48439165,511,511,511,1023,511,511,511,1023,511,511,511,1023,511,511,511,1023,511,511
48440174,512,512,512,512,512,512,512,512,512,513,513,513,513,513,514,1022,513,513
48441182,513,513,512,512,512,512,512,512,512,512,512,512,511,511,511,1023,511,511
48442191,511,511,511,1023,511,511,511,1023,511,511,511,1023,511,511,511,1023,511,511
48443197,511,511,512,512,512,512,512,512,512,512,513,513,513,513,513,513,513,513
48444207,513,513,513,513,513,513,512,512,512,512,512,512,512,512,512,512,512,511
48445215,511,511,511,1023,511,511,511,1023,511,511,511,1023,511,511,511,1023,511,511
48446223,511,511,511,1023,512,512,512,512,512,512,512,512,513,513,513,513,513,514
48447231,514,514,514,1022,514,514,514,513,513,513,513,512,512,512,512,512,512,512
48448240,512,512,512,512,511,511,511,1023,511,511,511,1023,511,511,511,1023,511,511
48449247,511,512,512,512,513,513,514,1023,515,516,516,516,516,516,516,516,516,516
48450256,515,515,515,1022,514,513,513,513,512,512,510,1022,510,510,510,1023,511,511
48451264,511,511,511,1023,510,510,510,1023,511,511,512,513,514,515,515,516,517,517
48452272,517,518,518,1022,518,518,518,1022,518,518,517,517,517,517,516,516,515,515
48453281,514,514,514,1022,513,513,513,512,512,512,512,512,512,512,511,1023,511,511
48454289,511,511,512,512,512,512,512,512,512,512,511,1023,510,510,510,1022,510,509
48455296,509,509,509,509,509,510,510,1022,511,511,512,512,512,513,513,513,513,512
48456305,512,512,512,512,512,512,512,512,512,512,512,512,512,512,512,512,511,511
48457314,511,511,511,1023,511,512,512,512,512,512,512,512,513,513,513,512,512,512
48458321,512,512,512,512,511,511,511,1023,511,511,512,512,512,513,513,513,513,514
48459329,514,514,514,1023,515,516,516,517,517,518,518,1022,517,517,516,516,515,515
48460338,515,514,514,1022,514,513,513,513,513,513,513,513,513,513,513,513,513,513
48461345,514,514,515,1023,516,516,517,517,517,517,517,517,517,517,517,517,517,517
48462354,516,516,515,1023,515,515,515,1022,514,514,513,513,513,513,512,512,512,512
48463357,512,512,512,512,512,512,512,512,512,512,512,512,512,511,511,1023,511,511
48464368,511,511,511,1023,511,511,512,513,515,516,517,1023,519,520,520,520,520,520
48465378,520,521,522,524,524,525,524,524,523,523,524,524,524,525,525,525,525,525
48466388,524,523,522,1022,521,521,521,520,520,520,520,520,520,520,521,521,521,522
48467396,522,522,523,1023,523,523,523,1022,522,520,520,1023,517,517,516,516,516,515
48468403,515,515,514,1022,514,514,514,1022,515,516,516,1022,518,518,518,517,516,514
48469412,513,512,511,1023,510,510,509,508,505,504,503,1022,501,502,502,1023,504,504
48470420,505,505,505,504,503,502,502,1022,502,502,502,1022,501,501,501,1022,502,503
48471428,504,504,503,1023,503,502,502,1022,502,502,502,1022,502,502,502,1022,502,502
48472436,502,502,503,1023,503,503,503,1023,503,503,503,1023,503,503,504,504,504,504
48473444,504,504,504,504,504,504,504,504,504,504,504,504,504,504,505,505,505,505
48474452,506,506,506,1023,507,507,507,1023,507,507,506,1022,506,506,506,1022,506,506
48475460,507,507,507,1023,507,507,507,1023,507,507,507,1023,507,508,508,508,508,509
48476468,509,509,510,1022,510,510,510,509,509,509,509,509,508,508,508,509,509,509
48477476,509,509,509,509,509,509,509,509,509,509,509,509,509,509,509,509,509,509
48478485,509,509,509,509,509,509,509,509,510,510,510,1022,510,510,509,509,509,509
48479492,508,508,509,509,509,509,509,509,509,509,509,1022,510,511,511,1023,511,510
48480501,510,510,510,1022,510,510,510,1022,510,510,509,509,509,509,509,1022,510,510
48481509,509,509,509,509,509,510,510,1022,510,510,510,1022,510,510,510,1022,510,510
48482517,510,510,509,509,510,510,510,1023,511,511,512,512,512,513,513,513,513,512
48483524,512,511,511,1023,511,511,511,1023,510,510,510,1022,510,510,510,1022,510,510
48484533,510,510,510,1022,511,511,511,1023,511,511,511,1023,511,511,511,1023,511,511
48485541,511,511,511,1023,511,511,511,1023,512,512,512,512,512,512,512,512,512,512
48486549,513,512,512,512,512,511,511,1023,511,511,511,1023,511,511,511,1023,511,511
48487557,511,511,511,1022,511,511,511,1023,511,511,511,1023,511,511,511,1023,511,511
48488565,511,511,511,1023,512,512,512,512,513,513,514,1022,515,515,515,516,516,516
48489573,516,515,515,1022,514,513,513,513,512,512,512,512,511,511,511,1023,511,511
48490581,511,511,511,1023,511,511,511,1023,511,511,511,1023,510,510,510,1022,510,511
48491589,511,511,511,1023,511,511,511,1023,511,511,512,512,512,512,513,1022,514,515
48492598,515,516,516,516,517,517,517,516,516,514,514,513,512,511,511,1022,510,510
48493606,510,510,510,1022,510,510,510,1022,510,510,510,1022,510,510,510,1023,511,511
48494613,511,512,512,512,513,513,513,1022,514,514,515,1023,515,516,516,516,516,516
48495617,516,516,515,1023,514,513,513,513,513,513,513,513,512,512,512,512,512,512
48496629,512,512,512,512,512,512,513,513,513,513,513,512,512,511,511,1023,511,511
48497639,511,511,511,1023,512,513,513,1022,514,514,514,1022,514,514,514,1022,514,513
48498645,513,513,513,513,513,513,513,512,512,512,512,512,512,512,512,512,511,511
48499655,510,510,510,1022,511,511,511,1023,511,511,511,1023,511,511,511,1023,511,511
48500663,511,511,511,1023,511,511,511,1023,511,511,512,512,512,512,512,512,512,512
48501671,511,511,511,1023,511,512,512,1022,515,516,516,516,515,514,513,513,513,515
48502680,516,517,519,520,521,521,521,1022,522,523,524,524,524,524,525,525,525,524
48503687,524,523,522,521,520,519,518,1022,517,516,516,1022,514,513,512,512,511,511
48504694,511,511,511,1023,511,511,511,1023,510,510,510,1022,510,510,510,509,509,509
48505706,509,509,509,508,508,508,508,508,508,508,508,508,508,508,508,508,508,508
48506712,508,508,508,1023,507,507,507,1023,507,507,508,508,508,508,508,508,508,508
48507721,508,508,508,508,508,508,508,508,508,508,508,508,508,508,508,508,508,508
48508728,508,508,508,508,508,508,508,508,509,509,509,509,509,509,509,509,509,509
48509737,509,509,509,509,509,509,509,509,509,509,509,509,509,509,509,509,509,509
48510743,509,509,509,509,509,510,510,1022,510,510,510,1022,510,510,510,1022,510,510
48511754,510,510,510,1022,510,510,510,1022,510,510,510,1022,510,510,510,1023,511,510
48512761,510,510,511,1023,512,513,513,1022,514,513,513,512,512,512,511,1023,511,511
48513771,511,511,511,1023,511,511,510,1022,510,510,510,1022,510,510,510,1022,510,510
48514779,510,511,511,1023,511,511,511,1023,511,511,511,1023,511,510,510,1022,510,510
48515787,510,509,509,509,510,510,510,1022,510,511,511,512,512,513,513,1022,514,514
48516796,514,514,514,1022,513,512,512,512,511,511,511,1023,511,511,511,1023,511,511
48517806,511,511,511,1023,511,511,511,1023,511,511,511,1023,511,511,511,1023,511,511
48518812,511,511,511,1023,511,511,511,1023,511,511,511,1023,511,511,511,1023,511,511
48519818,511,511,511,1023,511,511,511,1023,511,511,511,1023,511,512,512,512,512,512
48520831,512,512,512,512,512,512,512,512,512,512,512,512,513,514,514,1023,515,515
48521840,514,514,513,513,513,514,515,516,516,516,516,1023,514,514,513,513,512,512
48522843,512,512,512,1023,511,511,511,1023,511,511,511,1023,511,511,511,1023,512,512
48523856,512,512,511,1023,511,511,511,512,512,512,513,513,514,514,514,1022,514,513
48524861,513,513,512,512,512,512,511,1023,511,511,511,1023,511,511,511,1023,511,511
48525867,511,511,511,1023,511,511,511,1023,511,511,511,1023,511,511,511,1023,511,511
48526875,511,511,511,1023,511,511,511,1023,511,511,511,1023,511,511,511,1023,511,511
48527889,511,511,511,1023,511,511,511,1023,511,511,511,1023,511,511,511,1023,511,511
48528893,511,511,511,1023,511,511,511,1023,511,511,511,1023,511,511,511,1023,511,511
48529907,511,512,512,512,512,512,512,512,512,512,512,512,512,512,512,512,513,513
48530914,514,514,514,1023,515,515,515,1023,515,515,515,1023,515,514,514,513,513,513
48531921,512,512,512,512,512,512,512,512,512,512,512,512,512,512,512,1023,511,511
48532930,512,512,512,512,511,511,511,1023,511,511,511,1023,512,512,512,512,512,512
48533939,512,512,512,512,512,512,511,1023,511,511,511,1023,511,511,512,512,512,512
48534947,512,512,512,512,512,512,512,1023,511,512,512,512,512,512,512,512,512,512
48535954,512,513,513,513,513,513,514,1022,514,514,514,1022,514,514,514,1022,513,513
48536963,512,512,512,512,512,512,512,512,512,512,512,1023,511,511,511,1023,511,511
48537971,511,511,511,1023,512,512,512,512,512,511,511,1023,511,511,511,1023,511,512
48538980,512,511,511,1023,511,511,511,1023,511,512,512,512,512,512,513,512,512,512
48539987,512,511,511,1022,510,510,511,1023,511,511,511,1022,510,510,510,1023,511,512
48540996,512,512,513,513,513,513,513,513,513,513,513,512,512,512,511,1023,511,511
48542005,511,511,511,1023,510,510,510,1023,511,511,511,1023,511,510,510,1022,511,511
48543011,511,511,511,1023,511,511,511,1023,511,511,511,1023,511,511,511,1023,511,511
48544022,511,511,511,1023,511,511,512,512,512,512,512,512,512,513,513,513,514,514
48545033,514,514,515,1023,515,514,514,513,513,512,512,512,512,512,512,512,512,512
48546043,512,512,512,512,512,512,512,512,511,511,511,1023,511,511,511,1023,511,511
48547046,511,511,511,1023,511,512,512,513,513,513,514,1022,514,514,514,513,513,512
48548053,512,512,511,1023,511,511,511,1022,510,510,510,1022,510,510,510,1022,510,511
48549066,511,511,510,1022,510,510,510,1023,511,511,511,1023,511,511,511,1023,512,512
48550075,512,513,513,513,513,513,513,513,512,512,512,512,511,511,511,1023,511,511
48551077,511,511,511,1022,510,511,511,1023,511,511,511,1022,510,511,511,1023,511,511
48552091,511,511,511,1023,511,511,511,1023,511,511,511,1023,511,511,511,1023,511,512
48553098,512,512,512,512,513,513,513,513,513,513,513,513,513,513,513,512,512,512
48554107,512,512,511,1023,511,511,511,1023,511,511,511,1023,511,511,511,1023,511,511
48555110,511,511,511,1023,511,511,511,1023,511,511,511,1023,511,512,512,512,513,513
48556124,513,513,514,1022,514,514,514,1022,514,514,514,1022,514,513,513,512,512,512
48557127,512,512,512,512,512,513,513,513,513,513,512,512,511,511,511,1022,510,511
48558140,511,511,511,1023,511,511,511,1023,511,512,512,512,512,512,512,513,513,513
48559146,514,514,514,513,512,512,511,1023,511,511,511,1023,511,511,510,1022,509,509
48560156,509,509,509,509,509,509,509,509,509,509,509,509,509,509,509,509,509,509
48561164,509,510,510,1022,510,510,510,1022,511,511,512,512,512,512,512,512,512,512
48562172,512,512,512,512,511,511,511,1023,510,510,510,1022,509,509,509,509,509,510
48563183,510,509,509,509,509,510,510,1022,511,512,512,512,513,513,513,1022,514,515
48564190,516,517,518,1022,519,520,520,520,520,520,520,520,520,520,519,1023,518,518
48565201,517,516,515,1022,514,513,513,512,512,512,512,512,512,511,511,1023,512,512
48566206,512,512,512,512,512,512,512,512,512,512,512,512,512,512,512,512,512,512
48567216,512,512,512,512,512,512,512,512,512,512,512,512,512,512,512,1023,511,511
48568222,511,511,510,1022,510,510,510,1023,511,511,510,1022,510,510,510,1022,510,510
48569235,511,511,511,1023,511,511,511,1023,511,511,511,1023,511,511,511,1023,511,511
48570239,512,511,511,1023,511,511,511,1023,510,510,510,1022,510,510,510,1022,510,510
48571251,510,510,510,1022,510,510,511,1023,511,511,512,512,512,512,512,512,512,512
48572255,512,512,512,512,512,512,512,512,512,512,512,512,512,512,512,512,512,512
48573268,512,512,512,512,512,512,512,512,512,512,512,512,512,512,512,513,513,513
48574276,513,512,512,512,512,512,511,1023,511,511,511,1022,510,510,510,1022,510,510
48575283,510,510,510,1022,510,510,510,1022,509,509,509,509,509,509,509,509,510,510
48576292,510,510,510,1022,510,510,510,1022,510,510,510,1022,510,510,510,1022,510,510
48577300,510,510,510,1022,510,510,510,1022,510,510,510,1022,510,511,511,1023,511,511
48578308,511,511,512,512,512,512,512,512,512,512,512,512,512,512,512,512,512,512
48579318,511,511,511,1023,511,511,511,1023,511,511,511,1022,510,510,510,1022,510,510
48580325,510,510,510,1022,510,510,510,1022,510,511,511,1023,511,512,512,512,512,512
48581333,512,512,512,512,512,512,511,1023,511,511,510,1022,510,510,509,509,509,509
48582341,509,509,510,1022,510,509,509,509,509,509,509,509,509,509,509,509,509,509
48583350,509,509,509,509,508,508,508,508,509,509,509,509,509,509,509,509,509,509
48584358,509,509,509,509,509,509,509,509,509,509,509,509,509,509,509,509,509,509
48585369,509,509,509,509,509,509,509,509,509,509,510,1022,510,510,510,1023,511,511
48586372,511,511,512,512,513,515,516,517,518,519,519,1022,518,516,516,1023,514,514
48587383,514,514,515,1023,515,515,515,1023,515,515,515,1023,515,515,515,1023,515,514
48588392,514,514,514,1022,514,514,514,1022,514,515,515,1023,515,515,514,1022,514,515
48589401,515,515,515,1023,515,515,515,1023,515,515,515,1023,515,515,515,1022,514,515
48590407,515,516,517,1023,520,520,521,520,520,520,521,1023,524,525,526,1022,525,524
48591417,523,523,523,525,525,527,528,529,531,532,533,533,534,534,534,1023,535,534
48592423,529,525,518,1023,512,511,511,513,514,514,513,512,508,506,503,1023,497,495
48593433,494,494,495,496,497,498,498,1022,498,496,496,496,496,496,498,1023,500,502
48594439,503,504,504,505,505,505,504,504,504,504,504,504,504,503,503,1022,501,501
48595449,501,501,501,501,501,501,501,501,501,501,501,501,501,501,501,501,502,502
48596456,502,502,502,1022,502,502,502,1022,503,503,503,1023,503,503,503,1023,503,503
48597466,504,504,504,504,504,504,504,504,504,504,504,504,504,505,505,505,505,505
48598472,505,505,505,505,505,505,505,505,505,505,505,505,505,505,505,505,505,505
48599482,505,506,506,1022,506,506,506,1022,506,506,506,1022,506,506,506,1022,506,506
48600489,507,508,509,512,513,514,515,516,516,516,516,1023,515,515,515,1023,515,516
48601500,516,516,517,517,518,518,518,1023,519,519,519,1023,519,519,519,1023,519,519
48602505,518,518,518,517,517,516,516,516,515,515,515,1023,514,514,514,1022,514,514
48603515,514,514,514,1022,514,514,514,1022,514,514,514,1022,514,514,514,513,513,513
48604521,513,513,513,513,513,513,513,513,513,513,513,513,513,513,513,513,513,513
48605532,513,513,513,513,513,513,513,513,513,513,513,513,513,513,513,513,513,513
48606539